{"chessboard_points": [[[0.0, 0.0, 0.0]], [[0.024399999529123306, 0.0, 0.0]], [[0.04879999905824661, 0.0, 0.0]], [[0.07320000231266022, 0.0, 0.0]], [[0.09759999811649323, 0.0, 0.0]], [[0.12199999392032623, 0.0, 0.0]], [[0.14640000462532043, 0.0, 0.0]], [[0.17080000042915344, 0.0, 0.0]], [[0.19519999623298645, 0.0, 0.0]], [[0.0, 0.024399999529123306, 0.0]], [[0.024399999529123306, 0.024399999529123306, 0.0]], [[0.04879999905824661, 0.024399999529123306, 0.0]], [[0.07320000231266022, 0.024399999529123306, 0.0]], [[0.09759999811649323, 0.024399999529123306, 0.0]], [[0.12199999392032623, 0.024399999529123306, 0.0]], [[0.14640000462532043, 0.024399999529123306, 0.0]], [[0.17080000042915344, 0.024399999529123306, 0.0]], [[0.19519999623298645, 0.024399999529123306, 0.0]], [[0.0, 0.04879999905824661, 0.0]], [[0.024399999529123306, 0.04879999905824661, 0.0]], [[0.04879999905824661, 0.04879999905824661, 0.0]], [[0.07320000231266022, 0.04879999905824661, 0.0]], [[0.09759999811649323, 0.04879999905824661, 0.0]], [[0.12199999392032623, 0.04879999905824661, 0.0]], [[0.14640000462532043, 0.04879999905824661, 0.0]], [[0.17080000042915344, 0.04879999905824661, 0.0]], [[0.19519999623298645, 0.04879999905824661, 0.0]], [[0.0, 0.07320000231266022, 0.0]], [[0.024399999529123306, 0.07320000231266022, 0.0]], [[0.04879999905824661, 0.07320000231266022, 0.0]], [[0.07320000231266022, 0.07320000231266022, 0.0]], [[0.09759999811649323, 0.07320000231266022, 0.0]], [[0.12199999392032623, 0.07320000231266022, 0.0]], [[0.14640000462532043, 0.07320000231266022, 0.0]], [[0.17080000042915344, 0.07320000231266022, 0.0]], [[0.19519999623298645, 0.07320000231266022, 0.0]], [[0.0, 0.09759999811649323, 0.0]], [[0.024399999529123306, 0.09759999811649323, 0.0]], [[0.04879999905824661, 0.09759999811649323, 0.0]], [[0.07320000231266022, 0.09759999811649323, 0.0]], [[0.09759999811649323, 0.09759999811649323, 0.0]], [[0.12199999392032623, 0.09759999811649323, 0.0]], [[0.14640000462532043, 0.09759999811649323, 0.0]], [[0.17080000042915344, 0.09759999811649323, 0.0]], [[0.19519999623298645, 0.09759999811649323, 0.0]], [[0.0, 0.12199999392032623, 0.0]], [[0.024399999529123306, 0.12199999392032623, 0.0]], [[0.04879999905824661, 0.12199999392032623, 0.0]], [[0.07320000231266022, 0.12199999392032623, 0.0]], [[0.09759999811649323, 0.12199999392032623, 0.0]], [[0.12199999392032623, 0.12199999392032623, 0.0]], [[0.14640000462532043, 0.12199999392032623, 0.0]], [[0.17080000042915344, 0.12199999392032623, 0.0]], [[0.19519999623298645, 0.12199999392032623, 0.0]]], "chessboard_inner_corners": [9, 6], "chessboard_spacing_m": 0.0244, "image_resolution": [5184, 3456], "camera_matrix": [[5867.4090921039215, 0.0, 2591.4664707471998], [0.0, 5876.8766363948125, 1727.7538744517396], [0.0, 0.0, 1.0]], "distortion_coefficients": [-0.12291868136395147, 0.17975773439133208, -0.0016521312895706893, -0.0016277147608778576, -0.9477441448214109], "rms": 1.18165472725028, "reprojection_error": {"average": 0.1599984889699704, "stddev": 0.01606351148691206, "image": {"IMG_0038.JPG": 0.17900748896889884, "IMG_0039.JPG": 0.17319618177430446, "IMG_0040.JPG": 0.17377706174186094, "IMG_0041.JPG": 0.15997711514246335, "IMG_0042.JPG": 0.1522620873722632, "IMG_0043.JPG": 0.12883564233138575, "IMG_0044.JPG": 0.1529338454586162}}, "sensor_size_mm": [22.3, 14.9], "fov_degrees": [47.668066111687885, 32.77023060141913], "focal_length_mm": 25.239819204073584, "principal_point_mm": [11.147704918530586, 7.44893886844066], "aspect_ratio": 1.001613581760241, "chessboard_orientations": {"IMG_0038.JPG": {"rotation_matrix": [[0.9638256127801834, 0.2660956484063527, -0.015273966351494084], [-0.20532357930189296, 0.7778003305671171, 0.5940276706958547], [0.16994827428239187, -0.5694029782753918, 0.8042995911969313]], "translation": [-0.11411107344446052, -0.036870542059140046, 0.4083466639013188]}, "IMG_0039.JPG": {"rotation_matrix": [[0.9842454578693873, 0.17464622346781816, -0.027560393536901956], [-0.12107089517814124, 0.7793335140591141, 0.6148016852652863], [0.1288515308571983, -0.6017790046958281, 0.7882000459928019]], "translation": [-0.10910525794452375, -0.040644370590836115, 0.42652093532269764]}, "IMG_0040.JPG": {"rotation_matrix": [[0.9324086570152443, -0.3605510978740046, 0.02483952787148909], [0.26339828272948146, 0.7250077163634803, 0.636384440309921], [-0.2474579580013313, -0.58682767234961, 0.7709720111564038]], "translation": [-0.0826758542246631, -0.08290522518207151, 0.5006094975762476]}, "IMG_0041.JPG": {"rotation_matrix": [[0.761111611502524, -0.6479497114557273, 0.029500614577848056], [0.44731868248208456, 0.5572899062245408, 0.6995240930252041], [-0.4696968289636656, -0.5192197336818799, 0.7139998298436736]], "translation": [-0.047672624532371595, -0.093888538450347, 0.5764577134643116]}, "IMG_0042.JPG": {"rotation_matrix": [[0.9999116075849298, 0.003900077070625872, -0.012710877851846701], [0.00398695129629011, 0.8240631145846876, 0.5664839692350924], [0.012683896730989233, -0.5664845739998815, 0.8239747242384868]], "translation": [-0.0985383418889183, -0.05873942375168862, 0.4636656674393311]}, "IMG_0043.JPG": {"rotation_matrix": [[0.9999759083576717, -0.0052486095520540895, -0.004542554569775528], [0.00542512272314208, 0.9991945483280927, 0.03975956029507437], [0.004330213353652383, -0.03978324633798622, 0.9991989504413639]], "translation": [-0.09892673347885642, -0.0576657122735982, 0.4300952295753565]}, "IMG_0044.JPG": {"rotation_matrix": [[0.9999724909176403, 0.002005292152549492, -0.007141163165256628], [0.003842881325721777, 0.6834114832257382, 0.7300232714498306], [0.006344262848141891, -0.7300306318221034, 0.6833849771031949]], "translation": [-0.09443949512662748, -0.047857833271829485, 0.5285156222586874]}}}